# Tetrahedron 1
1.0660035817780522 -0.12309149097933209 0.34815531191139437 0.0
-0.12309149097933209 1.0073337313086723 -0.02074292455904944 0.0
0.34815531191139437 -0.02074292455904944 1.0586698504693801 0.0
0.0 0.0 0.0 1.0

# Tetrahedron 2
1.0 0.0 0.0 0.0
0.0 1.0 0.0 0.0
0.0 0.0 1.0 0.0
0.0 0.0 0.0 1.0

# Tetrahedron 3
1.0660035817780515 -0.12309149097933189 -0.174077655955697 0.30151134457776224
-0.12309149097933189 1.0073337313086725 0.010371462279524846 -0.01796389961692091
-0.174077655955697 0.010371462279524846 1.0146674626173446 -0.025404790471358518
0.30151134457776224 -0.01796389961692091 -0.025404790471358518 1.0440023878520353

# Tetrahedron 4
1.066003581778052 0.36927447293799703 0.0 0.0
0.36927447293799703 1.0660035817780522 0.0 0.0
0.0 0.0 1.0 0.0
0.0 0.0 0.0 1.0

# Tetrahedron 5
1.0660035817780522 -0.12309149097933243 -0.1740776559556975 -0.3015113445777622
-0.12309149097933243 1.007333731308672 0.010371462279524415 0.01796389961692088
-0.1740776559556975 0.010371462279524415 1.0146674626173446 0.025404790471358463
-0.3015113445777622 0.01796389961692088 0.025404790471358463 1.044002387852035

