# Tetrahedron 1
1.0 0.0 0.0 0.0
0.0 1.0 0.0 0.0
0.0 0.0 1.0 0.0
0.0 0.0 0.0 1.0

# Tetrahedron 2
1.1547005383792512 0.5773502691896253 0.0 0.0
0.5773502691896253 1.154700538379252 0.0 0.0
0.0 0.0 1.0 0.0
0.0 0.0 0.0 1.0

# Tetrahedron 3
0.9999999999999999 0.0 0.0 0.0
0.0 0.5000000000000001 0.4999999999999999 0.7071067811865475
0.0 0.49999999999999994 0.5000000000000001 -0.7071067811865475
0.0 -0.7071067811865476 0.7071067811865476 0.0

# Tetrahedron 4
0.9999999999999999 0.0 0.0 0.0
0.0 0.9999999999999999 0.0 0.0
0.0 0.0 -0.7071067811865474 0.7071067811865476
0.0 0.0 -0.7071067811865477 -0.7071067811865475

# Tetrahedron 5
1.0 0.0 0.0 0.0
0.0 1.0 0.0 0.0
0.0 0.0 1.0 0.0
0.0 0.0 0.0 1.0

