# Tetrahedron 1
1.066003581778052 0.36927447293799703 0.0 0.0
0.36927447293799703 1.0660035817780522 0.0 0.0
0.0 0.0 1.0 0.0
0.0 0.0 0.0 1.0

# Tetrahedron 2
1.0598804031738815 0.35102187528486906 0.011406669256381707 0.0
0.35102187528486906 1.0598172382914335 0.0019437975267690318 0.0
0.011406669256381707 0.0019437975267690318 1.0000631648824492 0.0
0.0 0.0 0.0 1.0

# Tetrahedron 3
1.0583065395515727 0.3464285375912672 0.0 0.0
0.3464285375912672 1.0583065395515727 0.0 0.0
0.0 0.0 1.0 0.0
0.0 0.0 0.0 1.0

# Tetrahedron 4
1.059880403173882 0.35102187528486983 -0.0057033346281910305 0.009878465348594052
0.35102187528486983 1.059817238291434 -0.0009718987633845037 0.0016833780379954325
-0.0057033346281910305 -0.0009718987633845037 1.000015791220612 -2.7351196413738304e-5
0.009878465348594052 0.0016833780379954325 -2.7351196413738304e-5 1.000047373661837

# Tetrahedron 5
1.059880403173882 0.35102187528486983 -0.0057033346281910305 -0.009878465348594052
0.35102187528486983 1.059817238291434 -0.0009718987633845037 -0.0016833780379954325
-0.0057033346281910305 -0.0009718987633845037 1.000015791220612 2.7351196413738304e-5
-0.009878465348594052 -0.0016833780379954325 2.7351196413738304e-5 1.000047373661837

