# Single 4-simplex
[[1,2,3,4,5]]

0, 0, 0, 0
0, 0, 0, 1
0, 0, 1, 1
0, 1, 1, 1
1//2, 1, 1, 1



# Two 4-simplces sharing one timelike tetrahedron
[[1,2,3,4,5], [1,2,4,5,6]]

0, 0, 0, 0
0, 0, 0, 1
0, 0, 1, 1
0, 1, 1, 1
1//2, 1, 1, 1
0, 1, 0, 1


# Two 4-simplces sharing one spacelike tetrahedron
[[1,2,3,4,5], [1,2,3,5,6]]

0, 0, 0, 0
0, 0, 0, 1
0, 0, 1, 1
0, 1, 1, 1
1//2, 1, 1, 1
1//2, 0, 1, 1

# Delta3 boundary points
[[1,2,3,4,5], [1,2,3,5,6], [1,3,4,5,6]]

0,0,0,0
0,-2.7745276335252114,-0.9809436521275706,-1.6990442448471226
0,0,0,-3.398088489694245
-0.24028114141347542,-0.6936319083813028,-0.9809436521275706,-1.6990442448471226
0,0,-2.942830956382712,-1.6990442448471226
0.8981365593438019,2.7437225604241213,-0.9809436521275707,-1.6990442448471226

coords_lines = [
    "0, 0, 0, 0",
    "0, -2.7745276335252114, -0.9809436521275706, -1.6990442448471226",
    "0, 0, 0, -3.398088489694245",
    "-0.24028114141347542, -0.6936319083813028, -0.9809436521275706, -1.6990442448471226",
    "0, 0, -2.942830956382712, -1.6990442448471226",
    "0.8981365593438019, 2.7437225604241213, -0.9809436521275707, -1.6990442448471226",
]

# 1-5 Pachner move
[[1,2,3,4,6],[1,2,3,5,6],[1,2,4,5,6],[1,3,4,5,6],[2,3,4,5,6]]

0,0,0,0
0,-2.7745276335252114,-0.9809436521275706,-1.6990442448471226
0,0,0,-3.398088489694245
-0.24028114141347542,-0.6936319083813028,-0.9809436521275706,-1.6990442448471226
0,0,-2.942830956382712,-1.6990442448471226
-0.068,-0.27,-0.5,-1.3

coords_lines = [
    "0, 0, 0, 0",
    "0, -2.7745276335252114, -0.9809436521275706, -1.6990442448471226",
    "0, 0, 0, -3.398088489694245",
    "-0.24028114141347542, -0.6936319083813028, -0.9809436521275706, -1.6990442448471226",
    "0, 0, -2.942830956382712, -1.6990442448471226",
    "-0.068,-0.27,-0.5,-1.3",
]

# Double-Delta3 boundary points

[[1,2,3,4,6], [1,2,3,5,6], [1,2,4,5,6],[1,2,3,4,7], [1,2,3,5,7], [1,2,4,5,7]]

0, 0, 0, 0
-0.068000000000000005, -0.21988127663727278, -0.5316227766016838, -1.3316227766016839
0, 0, 0, -3.398088489694245
-0.24028114141347542, -0.6936319083813028, -0.9809436521275706, -1.6990442448471226
0, 0, -2.942830956382712, -1.6990442448471226
0, -2.7745276335252114, -0.9809436521275706, -1.6990442448471226
-2.4696884592430974, -3.893218630529324, -1.3565336794679874, -1.9090667752920147

coords_lines = [
    "0, 0, 0, 0",
    "-0.068000000000000005, -0.21988127663727278, -0.5316227766016838, -1.3316227766016839",
    "0, 0, 0, -3.398088489694245",
    "-0.24028114141347542, -0.6936319083813028, -0.9809436521275706, -1.6990442448471226",
    "0, 0, -2.942830956382712, -1.6990442448471226",
    "0, -2.7745276335252114, -0.9809436521275706, -1.6990442448471226",
    "-2.4696884592430974, -3.893218630529324, -1.3565336794679874, -1.9090667752920147",
]

# Hypercube 
[[1, 2, 4, 8, 16], [1, 2, 4, 12, 16], [1, 2, 6, 8, 16], [1, 3, 4, 8, 16], [1, 2, 6, 14, 16], [1, 5, 6, 8, 16], [1, 3, 4, 12, 16], [1, 3, 7, 8, 16], [1, 3, 7, 15, 16], [1, 5, 7, 8, 16], [1, 5, 6, 14, 16], [1, 5, 7, 15, 16], [1, 2, 10, 12, 16], [1, 2, 10, 14, 16], [1, 9, 10, 12, 16], [1, 3, 11, 12, 16], [1, 3, 11, 15, 16], [1, 9, 11, 12, 16], [1, 9, 10, 14, 16], [1, 9, 11, 15, 16], [1, 5, 13, 14, 16], [1, 5, 13, 15, 16], [1, 9, 13, 14, 16], [1, 9, 13, 15, 16]]


0, 0, 0, 0
0, 0, 0, 1
0, 0, 1, 0
0, 0, 1, 1
0, 1, 0, 0
0, 1, 0, 1
0, 1, 1, 0
0, 1, 1, 1
1//2, 0, 0, 0
1//2, 0, 0, 1
1//2, 0, 1, 0
1//2, 0, 1, 1
1//2, 1, 0, 0
1//2, 1, 0, 1
1//2, 1, 1, 0
1//2, 1, 1, 1

coords_lines = [
    "0, 0, 0, 0",
    "0, 0, 0, 1",
    "0, 0, 1, 0",
    "0, 0, 1, 1",
    "0, 1, 0, 0",
    "0, 1, 0, 1",
    "0, 1, 1, 0",
    "0, 1, 1, 1",
    "1//2, 0, 0, 0",
    "1//2, 0, 0, 1",
    "1//2, 0, 1, 0",
    "1//2, 0, 1, 1",
    "1//2, 1, 0, 0",
    "1//2, 1, 0, 1",
    "1//2, 1, 1, 0",
    "1//2, 1, 1, 1",
]

# Black-White hole transition 2-complex

[[1,2,3,8,16],[1,2,4,7,15],[1,3,4,6,14],[2,3,4,5,13],[1,2,7,8,16],[1,2,7,15,16],[1,3,6,8,16],[1,3,6,14,16],[1,4,6,7,15],[1,4,6,14,15],[2,3,5,8,16],[2,3,5,13,16],[2,4,5,7,15],[2,4,5,13,15],[3,4,5,6,14],[3,4,5,13,14],[1,6,7,8,16],[1,6,7,15,16],[1,6,14,15,16],[2,5,7,8,16],[2,5,7,15,16],[2,5,13,15,16],[3,5,6,8,16],[3,5,6,14,16],[3,5,13,14,16],[4,5,6,7,15],[4,5,6,14,15],[4,5,13,14,15],[1,2,3,12,16],[1,2,4,11,15],[1,3,4,10,14],[2,3,4,9,13],[1,2,11,12,16],[1,2,11,15,16],[1,3,10,12,16],[1,3,10,14,16],[1,4,10,11,15],[1,4,10,14,15],[2,3,9,12,16],[2,3,9,13,16],[2,4,9,11,15],[2,4,9,13,15],[3,4,9,10,14],[3,4,9,13,14],[1,10,11,12,16],[1,10,11,15,16],[1,10,14,15,16],[2,9,11,12,16],[2,9,11,15,16],[2,9,13,15,16],[3,9,10,12,16],[3,9,10,14,16],[3,9,13,14,16],[4,9,10,11,15],[4,9,10,14,15],[4,9,13,14,15]]

coords_lines = [
    "-1, 2*sqrt(2)/3, 0, -1/3",
    "-1, -sqrt(2)/3, sqrt(2/3), -1/3",
    "-1, -sqrt(2)/3, -sqrt(2/3), -1/3",
    "-1, 0, 0, 1",
    "-1, -20*sqrt(2)/3, 0, 10/3",
    "-1, 10*sqrt(2)/3, -10*sqrt(2/3), 10/3",
    "-1, 10*sqrt(2)/3, 10*sqrt(2/3), 10/3",
    "-1, 0, 0, -10",
    "-1, -20*sqrt(2)/3, 0, 10/3",
    "-1, 10*sqrt(2)/3, -10*sqrt(2/3), 10/3",
    "-1, 10*sqrt(2)/3, 10*sqrt(2/3), 10/3",
    "-1, 0, 0, -10",
    "0, -200*sqrt(2)/3, 0, 100/3",
    "0, 100*sqrt(2)/3, -100*sqrt(2/3), 100/3",
    "0, 100*sqrt(2)/3, 100*sqrt(2/3), 100/3",
    "0, 0, 0, -100"
]