# Tetrahedron 1
1.0913383565006805 0.4351863422855375 -0.04040118634077189 0.0
0.4351863422855375 1.090557872628873 -0.00840707791399957 0.0
-0.04040118634077189 -0.00840707791399957 1.0007804838718084 0.0
0.0 0.0 0.0 1.0

# Tetrahedron 2
1.4135564699501801 0.9740767259019402 -0.22207301905943228 0.0
0.9740767259019402 1.393123376128601 -0.08962548090744943 0.0
-0.22207301905943228 -0.08962548090744943 1.0204330938215809 0.0
0.0 0.0 0.0 1.0

# Tetrahedron 3
2.5181282909887166 1.884652237171143 -1.2950741708813822 0.33442327478730904
1.884652237171143 2.009603334867582 -0.6937678878015621 0.17914968439450318
-1.2950741708813822 -0.6937678878015621 1.476735630244099 -0.12310606933463863
0.33442327478730904 0.17914968439450318 -0.12310606933463863 1.0317893258770412

# Tetrahedron 4
1.5885004059688415 1.157214088193079 -0.4291725688468875 0.0
1.157214088193079 1.517343726438905 -0.19186573886193548 0.0
-0.4291725688468875 -0.19186573886193548 1.0711566795299388 0.0
0.0 0.0 0.0 1.0

# Tetrahedron 5
1.7769949116481274 1.3189111655331696 -0.6413074477644142 -0.08312046015975827
1.3189111655331696 1.6264061396985672 -0.30458376061412146 -0.03947738705934336
-0.6413074477644142 -0.30458376061412146 1.148100826844518 0.019195487157166458
-0.08312046015975827 -0.03947738705934336 0.019195487157166458 1.0024879451050472

