# Tetrahedron 1
1.0 0.0 0.0 0.0
0.0 1.0 0.0 0.0
0.0 0.0 1.0 0.0
0.0 0.0 0.0 1.0

# Tetrahedron 2
1.1458806513207607 0.18650066043114877 -0.5275035267465371 0.0
0.18650066043114877 1.0162089612578626 -0.04584586568569782 0.0
-0.5275035267465371 -0.04584586568569782 1.1296716900628987 0.0
0.0 0.0 0.0 1.0

# Tetrahedron 3
1.1458806513207602 0.18650066043114827 0.2637517633732684 -0.45683145474838494
0.18650066043114827 1.0162089612578624 0.022922932842849048 -0.039703684342303314
0.2637517633732684 0.022922932842849048 1.0324179225157246 -0.05614948887306548
-0.45683145474838494 -0.039703684342303314 -0.05614948887306548 1.0972537675471739

# Tetrahedron 4
1.0583065395515727 0.3464285375912672 0.0 0.0
0.3464285375912672 1.0583065395515727 0.0 0.0
0.0 0.0 1.0 0.0
0.0 0.0 0.0 1.0

# Tetrahedron 5
1.145880651320761 0.18650066043114816 0.26375176337326894 0.4568314547483863
0.18650066043114816 1.0162089612578626 0.022922932842849186 0.03970368434230362
0.26375176337326894 0.022922932842849186 1.0324179225157246 0.05614948887306609
0.4568314547483863 0.03970368434230362 0.05614948887306609 1.0972537675471745

