# Tetrahedron 1
1.0748880445910858 0.3938937435170694 0.007616207496684957 -0.013191687015885361
0.3938937435170694 1.0747762182091463 0.001445849808664414 -0.0025042907715132415
0.007616207496684957 0.001445849808664414 1.0000279565043444 -4.8422191166516866e-5
-0.013191687015885361 -0.0025042907715132415 -4.8422191166516866e-5 1.0000838698775965

# Tetrahedron 2
2.5181282909887157 1.8846522371711425 -1.2950741708813815 0.33442327478730893
1.8846522371711425 2.009603334867582 -0.6937678878015616 0.17914968439450318
-1.2950741708813815 -0.6937678878015616 1.4767356302440986 -0.12310606933463858
0.33442327478730893 0.17914968439450318 -0.12310606933463858 1.0317893258770412

# Tetrahedron 3
1.3333751084368721 0.8745146812233305 0.0572564611499046 -0.09917131531086616
0.8745146812233305 1.3277552438568125 0.021458879752954824 -0.0371679507859663
0.0572564611499046 0.021458879752954824 1.0014049615647125 -0.002433470101635464
-0.09917131531086616 -0.0371679507859663 -0.002433470101635464 1.004214903015349

# Tetrahedron 4
1.4842722935871948 1.033533933306211 0.1836242158064379 -0.3180471625162791
1.033533933306211 1.4299820088372754 0.07639334001453538 -0.13231743384203726
0.1836242158064379 0.07639334001453538 1.0135725269398075 -0.023508357339599578
-0.3180471625162791 -0.13231743384203726 -0.023508357339599578 1.0407177578101146

# Tetrahedron 5
3.768156282989717 2.721349398666312 0.5006400301865942 -2.354276700727456
2.721349398666312 2.553166907729369 0.28573233850512847 -1.3436660007716001
0.5006400301865942 0.28573233850512847 1.0525654833754898 -0.2471909661863595
-2.354276700727456 -1.3436660007716001 -0.2471909661863595 2.162423891884863

